evaluations raw_y current_y raw_y_best current_y_best x0 x1
1 101488.7078521012 101637.8578521012 101488.7078521012 101637.8578521012 4.320015 -4.332151
2 360.5784941072 509.7284941072 360.5784941072 509.7284941072 -0.679985 0.667849
3 202.4403867577 351.5903867577 202.4403867577 351.5903867577 -0.058508 1.045411
5 689.2477098196 838.3977098196 202.4403867577 351.5903867577 -1.171120 1.265617
10 544.4097770252 693.5597770252 202.4403867577 351.5903867577 -0.837772 1.008421
15 1390.4718062999 1539.6218062999 202.4403867577 351.5903867577 -0.740441 -5.000000
20 1481.9448869416 1631.0948869416 202.4403867577 351.5903867577 -0.586118 -5.000000
25 3751.9280841581 3901.0780841581 202.4403867577 351.5903867577 -0.559509 5.000000
30 1349.8244568774 1498.9744568774 202.4403867577 351.5903867577 -1.262113 -5.000000
35 293.5824252414 442.7324252414 202.4403867577 351.5903867577 -3.220115 5.000000
39 0.8831225220 150.0331225220 0.8831225220 150.0331225220 -0.843760 -1.377210
40 0.6482835472 149.7982835472 0.6482835472 149.7982835472 -0.827650 -1.341738
41 0.6372075774 149.7872075774 0.6372075774 149.7872075774 -0.821923 -1.338595
42 0.6253727504 149.7753727504 0.6253727504 149.7753727504 -0.816068 -1.335169
43 0.6131947170 149.7631947170 0.6131947170 149.7631947170 -0.810251 -1.331559
44 0.6009551500 149.7509551500 0.6009551500 149.7509551500 -0.804524 -1.327828
45 0.5888564687 149.7388564687 0.5888564687 149.7388564687 -0.798943 -1.324028
46 0.5769300390 149.7269300390 0.5769300390 149.7269300390 -0.793548 -1.320163
47 0.5656034035 149.7156034035 0.5656034035 149.7156034035 -0.788332 -1.316351
48 0.5546470710 149.7046470710 0.5546470710 149.7046470710 -0.783324 -1.312530
49 0.5442320639 149.6942320639 0.5442320639 149.6942320639 -0.778527 -1.308754
50 0.5343892503 149.6843892503 0.5343892503 149.6843892503 -0.773915 -1.305035
51 0.5250692245 149.6750692245 0.5250692245 149.6750692245 -0.769501 -1.301359
52 0.5163709153 149.6663709153 0.5163709153 149.6663709153 -0.765292 -1.297772
53 0.5081794198 149.6581794198 0.5081794198 149.6581794198 -0.761233 -1.294231
54 0.5005689782 149.6505689782 0.5005689782 149.6505689782 -0.757358 -1.290775
55 0.4935523775 149.6435523775 0.4935523775 149.6435523775 -0.753665 -1.287426
56 0.4869549709 149.6369549709 0.4869549709 149.6369549709 -0.750097 -1.284094
57 0.4809292812 149.6309292812 0.4809292812 149.6309292812 -0.746693 -1.280883
58 0.4753768056 149.6253768056 0.4753768056 149.6253768056 -0.743430 -1.277742
59 0.4702904876 149.6202904876 0.4702904876 149.6202904876 -0.740297 -1.274690
60 0.4656445439 149.6156445439 0.4656445439 149.6156445439 -0.737298 -1.271706
61 0.4614189902 149.6114189902 0.4614189902 149.6114189902 -0.734416 -1.268819
62 0.4575827603 149.6075827603 0.4575827603 149.6075827603 -0.731647 -1.265984
63 0.4541194721 149.6041194721 0.4541194721 149.6041194721 -0.728986 -1.263238
64 0.4510152113 149.6010152113 0.4510152113 149.6010152113 -0.726425 -1.260534
65 0.4482378193 149.5982378193 0.4482378193 149.5982378193 -0.723960 -1.257920
66 0.4457749317 149.5957749317 0.4457749317 149.5957749317 -0.721589 -1.255380
67 0.4436379545 149.5936379545 0.4436379545 149.5936379545 -0.719313 -1.252889
68 0.4417091402 149.5917091402 0.4417091402 149.5917091402 -0.717106 -1.250501
69 0.4400898260 149.5900898260 0.4400898260 149.5900898260 -0.714977 -1.248132
70 0.4386945045 149.5886945045 0.4386945045 149.5886945045 -0.712927 -1.245846
71 0.4375840344 149.5875840344 0.4375840344 149.5875840344 -0.710952 -1.243591
72 0.4365849453 149.5865849453 0.4365849453 149.5865849453 -0.709036 -1.241440
73 0.4358203089 149.5858203089 0.4358203089 149.5858203089 -0.707189 -1.239330
74 0.4352588053 149.5852588053 0.4352588053 149.5852588053 -0.705400 -1.237261
75 0.4348955694 149.5848955694 0.4348955694 149.5848955694 -0.703673 -1.235238
76 0.4346553088 149.5846553088 0.4346553088 149.5846553088 -0.701996 -1.233276
77 0.4345880065 149.5845880065 0.4345880065 149.5845880065 -0.700374 -1.231356
80 0.4351578323 149.5851578323 0.4345880065 149.5845880065 -0.695799 -1.225886
85 0.4383518326 149.5883518326 0.4345880065 149.5845880065 -0.689021 -1.217576
90 0.4436231277 149.5936231277 0.4345880065 149.5845880065 -0.683112 -1.210135
95 0.4501791360 149.6001791360 0.4345880065 149.5845880065 -0.677926 -1.203486
100 0.4578048720 149.6078048720 0.4345880065 149.5845880065 -0.673309 -1.197437
evaluations raw_y current_y raw_y_best current_y_best x0 x1
1 16722.5416080279 16871.6916080279 16722.5416080279 16871.6916080279 2.525086 -1.481342
2 831.7681554294 980.9181554294 831.7681554294 980.9181554294 -2.474914 3.518658
3 228.8187385340 377.9687385340 228.8187385340 377.9687385340 -3.061424 4.136636
5 984.6679304204 1133.8179304204 228.8187385340 377.9687385340 0.669377 4.740471
10 2502.7014372385 2651.8514372385 228.8187385340 377.9687385340 0.114470 5.000000
15 267.8396534395 416.9896534395 228.8187385340 377.9687385340 -2.937174 3.782033
20 241.6576378054 390.8076378054 228.8187385340 377.9687385340 -2.951147 3.751136
24 225.8384579066 374.9884579066 225.8384579066 374.9884579066 -2.961135 3.736219
25 219.3114135390 368.4614135390 219.3114135390 368.4614135390 -2.964883 3.728141
26 208.6677476806 357.8177476806 208.6677476806 357.8177476806 -2.970574 3.712668
27 192.5101726738 341.6601726738 192.5101726738 341.6601726738 -2.978598 3.684993
28 170.2332513238 319.3832513238 170.2332513238 319.3832513238 -2.987275 3.633477
29 148.8919263327 298.0419263327 148.8919263327 298.0419263327 -2.986878 3.545051
30 139.4894128170 288.6394128170 139.4894128170 288.6394128170 -2.973501 3.453514
35 142.3423013430 291.4923013430 139.4894128170 288.6394128170 -2.949995 3.376871
38 138.9754465903 288.1254465903 138.9754465903 288.1254465903 -2.950988 3.365972
39 137.5667325564 286.7167325564 137.5667325564 286.7167325564 -2.951384 3.361282
40 136.1361223178 285.2861223178 136.1361223178 285.2861223178 -2.950890 3.353111
41 134.7595056661 283.9095056661 134.7595056661 283.9095056661 -2.950310 3.344819
42 133.4383268678 282.5883268678 133.4383268678 282.5883268678 -2.949717 3.336697
43 132.1830755322 281.3330755322 132.1830755322 281.3330755322 -2.949096 3.328733
44 130.9820920007 280.1320920007 130.9820920007 280.1320920007 -2.948475 3.320989
45 129.8395100699 278.9895100699 129.8395100699 278.9895100699 -2.947834 3.313407
46 128.7515020751 277.9015020751 128.7515020751 277.9015020751 -2.947177 3.305990
47 127.7195080882 276.8695080882 127.7195080882 276.8695080882 -2.946502 3.298741
48 126.7323372301 275.8823372301 126.7323372301 275.8823372301 -2.945825 3.291674
49 125.8067588344 274.9567588344 125.8067588344 274.9567588344 -2.945113 3.284740
50 124.8998352819 274.0498352819 124.8998352819 274.0498352819 -2.944441 3.278023
51 124.0667516358 273.2167516358 124.0667516358 273.2167516358 -2.943678 3.271296
52 123.2451633156 272.3951633156 123.2451633156 272.3951633156 -2.942993 3.264905
53 122.4862820238 271.6362820238 122.4862820238 271.6362820238 -2.942220 3.258460
54 121.7403914973 270.8903914973 121.7403914973 270.8903914973 -2.941510 3.252305
55 121.0440165164 270.1940165164 121.0440165164 270.1940165164 -2.940736 3.246133
56 120.3608651689 269.5108651689 120.3608651689 269.5108651689 -2.940010 3.240192
57 119.7504731125 268.9004731125 119.7504731125 268.9004731125 -2.939176 3.234183
58 119.0559659539 268.2059659539 119.0559659539 268.2059659539 -2.938597 3.228725
59 118.5934622202 267.7434622202 118.5934622202 267.7434622202 -2.937490 3.222386
60 117.7804985307 266.9304985307 117.7804985307 266.9304985307 -2.937342 3.217956
61 117.7065115515 266.8565115515 117.7065115515 266.8565115515 -2.935369 3.210232
62 116.1871629791 265.3371629791 116.1871629791 265.3371629791 -2.937081 3.209339
65 114.5600687854 263.7100687854 114.5600687854 263.7100687854 -2.935069 3.193964
68 113.8025857230 262.9525857230 113.8025857230 262.9525857230 -2.931297 3.176219
70 112.6378184511 261.7878184511 112.6378184511 261.7878184511 -2.930530 3.167680
73 111.2917679367 260.4417679367 111.2917679367 260.4417679367 -2.928614 3.153941
74 86.8227735537 235.9727735537 86.8227735537 235.9727735537 -2.979445 3.216632
75 135.8923812629 285.0423812629 86.8227735537 235.9727735537 -2.843521 2.959183
80 54.5158083089 203.6658083089 54.5158083089 203.6658083089 -3.025349 3.186661
85 71.1663452622 220.3163452622 54.5158083089 203.6658083089 -0.254801 0.113205
90 57.7165351879 206.8665351879 54.5158083089 203.6658083089 -0.309094 -0.054836
94 53.8606615762 203.0106615762 53.8606615762 203.0106615762 -0.305029 -0.074570
95 52.9104277693 202.0604277693 52.9104277693 202.0604277693 -0.317377 -0.099494
96 52.0505590479 201.2005590479 52.0505590479 201.2005590479 -0.335046 -0.131261
97 51.2456687753 200.3956687753 51.2456687753 200.3956687753 -0.348116 -0.155571
98 50.4932192898 199.6432192898 50.4932192898 199.6432192898 -0.358733 -0.175796
99 49.7710521059 198.9210521059 49.7710521059 198.9210521059 -0.367659 -0.193293
100 49.0973834102 198.2473834102 49.0973834102 198.2473834102 -0.375663 -0.209067
evaluations raw_y current_y raw_y_best current_y_best x0 x1
1 8622.4362917566 8771.5862917566 8622.4362917566 8771.5862917566 -4.221749 -0.620123
2 571.4908570336 720.6408570336 571.4908570336 720.6408570336 0.778251 4.379877
5 162391.4130548581 162540.5630548581 571.4908570336 720.6408570336 5.000000 -5.000000
7 133.0960481632 282.2460481632 133.0960481632 282.2460481632 1.230476 5.000000
9 124.8442500027 273.9942500027 124.8442500027 273.9942500027 1.238482 5.000000
10 114.6783775968 263.8283775968 114.6783775968 263.8283775968 1.248685 5.000000
11 105.4646809287 254.6146809287 105.4646809287 254.6146809287 1.258298 5.000000
12 97.0734567119 246.2234567119 97.0734567119 246.2234567119 1.267397 5.000000
13 89.3907269197 238.5407269197 89.3907269197 238.5407269197 1.276056 5.000000
14 82.3314250708 231.4814250708 82.3314250708 231.4814250708 1.284325 5.000000
15 75.8291134129 224.9791134129 75.8291134129 224.9791134129 1.292243 5.000000
16 69.8283429806 218.9783429806 69.8283429806 218.9783429806 1.299843 5.000000
17 64.2825935659 213.4325935659 64.2825935659 213.4325935659 1.307149 5.000000
18 59.1522613245 208.3022613245 59.1522613245 208.3022613245 1.314185 5.000000
19 54.4032221641 203.5532221641 54.4032221641 203.5532221641 1.320966 5.000000
20 50.0060619489 199.1560619489 50.0060619489 199.1560619489 1.327509 5.000000
21 45.9355817065 195.0855817065 45.9355817065 195.0855817065 1.333822 5.000000
22 42.1691712885 191.3191712885 42.1691712885 191.3191712885 1.339917 5.000000
23 38.6866534302 187.8366534302 38.6866534302 187.8366534302 1.345799 5.000000
24 35.4701988821 184.6201988821 35.4701988821 184.6201988821 1.351474 5.000000
25 32.5048373661 181.6548373661 32.5048373661 181.6548373661 1.356943 5.000000
26 29.7716952344 178.9216952344 29.7716952344 178.9216952344 1.362215 5.000000
27 27.2595769473 176.4095769473 27.2595769473 176.4095769473 1.367287 5.000000
28 24.9532911777 174.1032911777 24.9532911777 174.1032911777 1.372164 5.000000
29 22.8398363531 171.9898363531 22.8398363531 171.9898363531 1.376846 5.000000
30 20.9080942981 170.0580942981 20.9080942981 170.0580942981 1.381334 5.000000
31 19.1417973920 168.2917973920 19.1417973920 168.2917973920 1.385638 5.000000
32 17.5314248581 166.6814248581 17.5314248581 166.6814248581 1.389758 5.000000
33 16.0629707396 165.2129707396 16.0629707396 165.2129707396 1.393702 5.000000
34 14.7270921802 163.8770921802 14.7270921802 163.8770921802 1.397472 5.000000
35 13.5135854540 162.6635854540 13.5135854540 162.6635854540 1.401071 5.000000
36 12.4118165730 161.5618165730 12.4118165730 161.5618165730 1.404507 5.000000
37 11.4120951120 160.5620951120 11.4120951120 160.5620951120 1.407787 5.000000
38 10.5057776038 159.6557776038 10.5057776038 159.6557776038 1.410916 5.000000
39 9.6842976453 158.8342976453 9.6842976453 158.8342976453 1.413902 5.000000
40 8.9419950029 158.0919950029 8.9419950029 158.0919950029 1.416743 5.000000
41 8.2663267337 157.4163267337 8.2663267337 157.4163267337 1.419469 5.000000
42 7.6564622192 156.8064622192 7.6564622192 156.8064622192 1.422063 5.000000
43 7.1048023980 156.2548023980 7.1048023980 156.2548023980 1.424537 5.000000
44 6.6049004747 155.7549004747 6.6049004747 155.7549004747 1.426904 5.000000
45 6.1531488032 155.3031488032 6.1531488032 155.3031488032 1.429163 5.000000
46 5.7444552313 154.8944552313 5.7444552313 154.8944552313 1.431322 5.000000
47 5.3749583431 154.5249583431 5.3749583431 154.5249583431 1.433386 5.000000
48 5.0414066557 154.1914066557 5.0414066557 154.1914066557 1.435359 5.000000
49 4.7398362877 153.8898362877 4.7398362877 153.8898362877 1.437247 5.000000
50 4.4675847488 153.6175847488 4.4675847488 153.6175847488 1.439055 5.000000
51 4.2219121764 153.3719121764 4.2219121764 153.3719121764 1.440786 5.000000
52 4.0005585669 153.1505585669 4.0005585669 153.1505585669 1.442444 5.000000
53 3.8011547806 152.9511547806 3.8011547806 152.9511547806 1.444032 5.000000
54 3.6209211342 152.7709211342 3.6209211342 152.7709211342 1.445562 5.000000
55 3.4590404524 152.6090404524 3.4590404524 152.6090404524 1.447029 5.000000
56 3.3137902038 152.4637902038 3.3137902038 152.4637902038 1.448435 5.000000
57 3.1836815938 152.3336815938 3.1836815938 152.3336815938 1.449785 5.000000
58 3.0666641710 152.2166641710 3.0666641710 152.2166641710 1.451089 5.000000
59 2.9618019228 152.1118019228 2.9618019228 152.1118019228 1.452346 5.000000
60 2.8696336790 152.0196336790 2.8696336790 152.0196336790 1.453539 5.000000
61 2.7871211891 151.9371211891 2.7871211891 151.9371211891 1.454695 5.000000
62 2.7139524814 151.8639524814 2.7139524814 151.8639524814 1.455809 5.000000
63 2.6489569841 151.7989569841 2.6489569841 151.7989569841 1.456888 5.000000
64 2.5925104197 151.7425104197 2.5925104197 151.7425104197 1.457917 5.000000
65 2.5428347794 151.6928347794 2.5428347794 151.6928347794 1.458914 5.000000
66 2.4996822168 151.6496822168 2.4996822168 151.6496822168 1.459876 5.000000
70 7.3961524069 156.5461524069 2.4996822168 151.6496822168 1.423214 5.000000
75 1.3404605613 150.4904605613 1.3404605613 150.4904605613 -1.203702 -1.334117
80 13.7007811621 162.8507811621 1.3404605613 150.4904605613 1.400504 5.000000
85 34.1205211213 183.2705211213 1.3404605613 150.4904605613 -1.346298 -1.855743
90 10.9027292671 160.0527292671 1.3404605613 150.4904605613 1.409526 5.000000
95 14.5063629443 163.6563629443 1.3404605613 150.4904605613 -1.251058 -1.694051
100 11.3924718390 160.5424718390 1.3404605613 150.4904605613 -1.234935 -1.654734
evaluations raw_y current_y raw_y_best current_y_best x0 x1
1 22704.4438049006 22853.5938049006 22704.4438049006 22853.5938049006 -4.912047 -1.555697
2 1230.8403031243 1379.9903031243 1230.8403031243 1379.9903031243 0.087953 3.444303
5 21.3548442757 170.5048442757 21.3548442757 170.5048442757 -3.517878 5.000000
10 25.6178678371 174.7678678371 21.3548442757 170.5048442757 -3.648888 5.000000
15 44.2671788215 193.4171788215 21.3548442757 170.5048442757 -3.687356 5.000000
20 55.5164430746 204.6664430746 21.3548442757 170.5048442757 -3.704802 5.000000
25 63.0073772337 212.1573772337 21.3548442757 170.5048442757 -3.715117 5.000000
30 68.2735894060 217.4235894060 21.3548442757 170.5048442757 -3.721896 5.000000
35 72.1483894599 221.2983894599 21.3548442757 170.5048442757 -3.726671 5.000000
40 75.1071591083 224.2571591083 21.3548442757 170.5048442757 -3.730208 5.000000
45 77.4297733517 226.5797733517 21.3548442757 170.5048442757 -3.732923 5.000000
50 79.2975356562 228.4475356562 21.3548442757 170.5048442757 -3.735070 5.000000
55 80.8269831977 229.9769831977 21.3548442757 170.5048442757 -3.736804 5.000000
60 82.0965035863 231.2465035863 21.3548442757 170.5048442757 -3.738228 5.000000
65 83.1655417026 232.3155417026 21.3548442757 170.5048442757 -3.739417 5.000000
69 13.0189435514 162.1689435514 13.0189435514 162.1689435514 -3.593231 5.000000
70 12.6344498455 161.7844498455 12.6344498455 161.7844498455 -3.587150 5.000000
75 12.6966988253 161.8466988253 12.6344498455 161.7844498455 -3.588378 5.000000
80 12.7764445963 161.9264445963 12.6344498455 161.7844498455 -3.589766 5.000000
85 12.8578205898 162.0078205898 12.6344498455 161.7844498455 -3.591032 5.000000
90 12.9293272421 162.0793272421 12.6344498455 161.7844498455 -3.592050 5.000000
93 12.4533944004 161.6033944004 12.4533944004 161.6033944004 -3.581791 5.000000
95 12.4601969313 161.6101969313 12.4533944004 161.6033944004 -3.582117 5.000000
100 12.4868274980 161.6368274980 12.4533944004 161.6033944004 -3.583204 5.000000
evaluations raw_y current_y raw_y_best current_y_best x0 x1
1 771.6938332328 920.8438332328 771.6938332328 920.8438332328 -1.286286 1.457809
5 191.1787442001 340.3287442001 191.1787442001 340.3287442001 -1.494738 0.197554
6 34.7872776345 183.9372776345 34.7872776345 183.9372776345 -1.811100 -0.236351
7 17.2421411374 166.3921411374 17.2421411374 166.3921411374 -1.901211 -0.283119
8 15.4114921060 164.5614921060 15.4114921060 164.5614921060 -1.915420 -0.285118
9 14.9280092495 164.0780092495 14.9280092495 164.0780092495 -1.919290 -0.285724
10 14.4026243836 163.5526243836 14.4026243836 163.5526243836 -1.920894 -0.290893
11 13.7927430793 162.9427430793 13.7927430793 162.9427430793 -1.921630 -0.299020
12 13.0998124138 162.2498124138 13.0998124138 162.2498124138 -1.921902 -0.309544
13 12.3634879682 161.5134879682 12.3634879682 161.5134879682 -1.921906 -0.321645
14 11.6027106239 160.7527106239 11.6027106239 160.7527106239 -1.921743 -0.334969
15 10.8114858358 159.9614858358 10.8114858358 159.9614858358 -1.921476 -0.349653
16 9.9834197288 159.1334197288 9.9834197288 159.1334197288 -1.921148 -0.365950
17 9.1407450020 158.2907450020 9.1407450020 158.2907450020 -1.920788 -0.383642
18 8.2490413604 157.3990413604 8.2490413604 157.3990413604 -1.920410 -0.403807
19 7.2874226421 156.4374226421 7.2874226421 156.4374226421 -1.920039 -0.427666
20 6.2987455537 155.4487455537 6.2987455537 155.4487455537 -1.919698 -0.455444
21 5.2528040265 154.4028040265 5.2528040265 154.4028040265 -1.919367 -0.490685
22 4.2474839986 153.3974839986 4.2474839986 153.3974839986 -1.919064 -0.536590
23 3.5442156542 152.6942156542 3.5442156542 152.6942156542 -1.918745 -0.598366
25 4.2003290593 153.3503290593 3.5442156542 152.6942156542 -1.917437 -0.712928
30 17.6236801205 166.7736801205 3.5442156542 152.6942156542 -1.913302 -1.010906
35 2.8250956702 151.9750956702 2.8250956702 151.9750956702 -1.733378 -0.901486
40 2.8730001758 152.0230001758 2.8250956702 151.9750956702 -1.732458 -0.887666
45 2.9726509214 152.1226509214 2.8250956702 151.9750956702 -1.731915 -0.872697
50 3.1032842315 152.2532842315 2.8250956702 151.9750956702 -1.731454 -0.859308
55 3.2487456000 152.3987456000 2.8250956702 151.9750956702 -1.731114 -0.847603
60 3.3986414928 152.5486414928 2.8250956702 151.9750956702 -1.730890 -0.837385
65 3.5463279738 152.6963279738 2.8250956702 151.9750956702 -1.730764 -0.828459
70 3.6890153688 152.8390153688 2.8250956702 151.9750956702 -1.730732 -0.820563
75 3.8239798362 152.9739798362 2.8250956702 151.9750956702 -1.730772 -0.813584
80 3.9508183037 153.1008183037 2.8250956702 151.9750956702 -1.730880 -0.807350
85 4.0680056341 153.2180056341 2.8250956702 151.9750956702 -1.731035 -0.801816
90 4.1781980611 153.3281980611 2.8250956702 151.9750956702 -1.731235 -0.796768
95 4.2786302987 153.4286302987 2.8250956702 151.9750956702 -1.731473 -0.792264
100 4.3711114431 153.5211114431 2.8250956702 151.9750956702 -1.731739 -0.788182
