evaluations raw_y current_y raw_y_best current_y_best x0 x1
1 59855.4276466036 60004.5776466036 59855.4276466036 60004.5776466036 3.915173 -1.128337
2 26569.3959543861 26718.5459543861 26569.3959543861 26718.5459543861 2.925641 -1.821102
3 7260.1054979115 7409.2554979115 7260.1054979115 7409.2554979115 2.262826 1.121023
4 2965.8808494871 3115.0308494871 2965.8808494871 3115.0308494871 1.472675 -0.424492
5 470.1071283410 619.2571283410 470.1071283410 619.2571283410 -2.643860 3.305728
8 399.3267921378 548.4767921378 399.3267921378 548.4767921378 0.027859 -2.196082
10 38.7680408450 187.9180408450 38.7680408450 187.9180408450 -3.434141 3.765582
14 0.4817157331 149.6317157331 0.4817157331 149.6317157331 0.638724 1.497222
15 37296.0812655966 37445.2312655966 0.4817157331 149.6317157331 3.465626 -0.241915
20 7230.3724762594 7379.5224762594 0.4817157331 149.6317157331 2.590101 3.418378
25 3688.5510395254 3837.7010395254 0.4817157331 149.6317157331 1.793793 0.675432
30 336.5440617963 485.6940617963 0.4817157331 149.6317157331 -2.941941 0.377332
35 38.4100054415 187.5600054415 0.4817157331 149.6317157331 -0.864417 -0.719949
40 22332.4211335596 22481.5711335596 0.4817157331 149.6317157331 3.425466 3.765582
45 12011.1882328123 12160.3382328123 0.4817157331 149.6317157331 2.546112 0.642179
50 423.2255365302 572.3755365302 0.4817157331 149.6317157331 -0.406668 -3.007151
55 30089.8836993180 30239.0336993180 0.4817157331 149.6317157331 3.446079 1.547812
60 48411.0679470949 48560.2179470949 0.4817157331 149.6317157331 3.978332 1.966824
65 772.6175613300 921.7675613300 0.4817157331 149.6317157331 -0.864417 1.444020
70 603.4327919775 752.5827919775 0.4817157331 149.6317157331 0.467871 3.404876
75 252.5452036922 401.6952036922 0.4817157331 149.6317157331 -0.403898 0.642179
80 958.5359880461 1107.6859880461 0.4817157331 149.6317157331 -0.406668 2.145617
85 1573.0648042646 1722.2148042646 0.4817157331 149.6317157331 1.793793 2.784085
90 198.3709560589 347.5209560589 0.4817157331 149.6317157331 0.576632 2.699100
95 1047.9662445543 1197.1162445543 0.4817157331 149.6317157331 -0.480030 2.196972
100 3978.0099601891 4127.1599601891 0.4817157331 149.6317157331 1.372248 -1.783828
105 3650.0462571741 3799.1962571741 0.4817157331 149.6317157331 2.270773 3.654213
110 4215.9429605126 4365.0929605126 0.4817157331 149.6317157331 2.152570 2.429712
115 357.9184868806 507.0684868806 0.4817157331 149.6317157331 0.818388 4.029389
120 1361.2906130535 1510.4406130535 0.4817157331 149.6317157331 -0.359993 2.801954
evaluations raw_y current_y raw_y_best current_y_best x0 x1
1 3468.4220811218 3617.5720811218 3468.4220811218 3617.5720811218 -0.714678 4.634117
2 2005.6483708772 2154.7983708772 2005.6483708772 2154.7983708772 -0.402220 3.533894
5 134467.6226169527 134616.7726169527 2005.6483708772 2154.7983708772 4.993771 -1.447104
6 31.7782233392 180.9282233392 31.7782233392 180.9282233392 -3.132335 2.471361
10 35.4425137355 184.5925137355 31.7782233392 180.9282233392 -0.249030 -0.125869
15 24168.8420218689 24317.9920218689 31.7782233392 180.9282233392 -4.566726 -4.579766
20 10308.0777929121 10457.2277929121 31.7782233392 180.9282233392 -4.833964 2.766636
25 3221.1030796759 3370.2530796759 31.7782233392 180.9282233392 1.369112 -1.167199
30 9.6721788365 158.8221788365 9.6721788365 158.8221788365 0.533120 0.846574
35 148371.2724229273 148520.4224229273 9.6721788365 158.8221788365 4.993771 -3.296436
40 144.5973997826 293.7473997826 9.6721788365 158.8221788365 -1.315711 -2.498795
45 1495.0286680359 1644.1786680359 9.6721788365 158.8221788365 -0.244307 -4.579766
50 11.9665647490 161.1165647490 9.6721788365 158.8221788365 0.181704 0.504245
55 3077.8176131155 3226.9676131155 9.6721788365 158.8221788365 -3.451239 -1.167199
60 29969.7063704477 30118.8563704477 9.6721788365 158.8221788365 2.858190 -3.365488
65 4162.2830602661 4311.4330602661 9.6721788365 158.8221788365 1.469373 -1.447104
70 281.9821383989 431.1321383989 9.6721788365 158.8221788365 0.319569 2.198005
75 841.8396566809 990.9896566809 9.6721788365 158.8221788365 0.410682 -2.123063
76 3.5597203022 152.7097203022 3.5597203022 152.7097203022 -1.205017 -1.497942
80 742.7497043032 891.8997043032 3.5597203022 152.7097203022 -0.812666 -4.036268
85 7308.5518470882 7457.7018470882 3.5597203022 152.7097203022 -3.451239 -4.172054
90 37.4901984491 186.6401984491 3.5597203022 152.7097203022 -0.483583 -1.654846
95 6309.6376659833 6458.7876659833 3.5597203022 152.7097203022 1.469373 -2.939190
100 274.1228059509 423.2728059509 3.5597203022 152.7097203022 -1.769946 0.786824
105 441.2387481262 590.3887481262 3.5597203022 152.7097203022 0.410682 -1.322041
110 1222.9508826680 1372.1008826680 3.5597203022 152.7097203022 -0.144858 -4.039137
115 61.5697419570 210.7197419570 3.5597203022 152.7097203022 -1.015736 -0.590480
119 0.6362788080 149.7862788080 0.6362788080 149.7862788080 -0.812439 -1.336941
120 2970.8766602024 3120.0266602024 0.6362788080 149.7862788080 1.294868 -1.296882
evaluations raw_y current_y raw_y_best current_y_best x0 x1
1 52.6622006164 201.8122006164 52.6622006164 201.8122006164 0.005050 0.478992
5 17508.3372274875 17657.4872274875 52.6622006164 201.8122006164 2.690788 -0.567428
10 847.1802537309 996.3302537309 52.6622006164 201.8122006164 -1.604803 -3.975245
15 6067.8449903245 6216.9949903245 52.6622006164 201.8122006164 -4.656390 3.821731
20 776.7913457753 925.9413457753 52.6622006164 201.8122006164 -0.840068 1.461474
25 639.4034809093 788.5534809093 52.6622006164 201.8122006164 -0.323383 1.693257
30 8541.8888592735 8691.0388592735 52.6622006164 201.8122006164 -3.871306 -2.674701
35 29211.3494646932 29360.4994646932 52.6622006164 201.8122006164 2.690788 -4.427493
40 2531.5921185886 2680.7421185886 52.6622006164 201.8122006164 1.998282 2.925654
42 2.7061562775 151.8561562775 2.7061562775 151.8561562775 -0.718410 -1.407915
45 43378.0584202842 43527.2084202842 2.7061562775 151.8561562775 4.114828 4.535166
50 519.4513035040 668.6013035040 2.7061562775 151.8561562775 -0.840068 0.953277
55 5017.4786107726 5166.6286107726 2.7061562775 151.8561562775 -3.949332 -0.067504
60 15388.9112196984 15538.0612196984 2.7061562775 151.8561562775 -4.385927 -2.674701
65 21996.0259148940 22145.1759148940 2.7061562775 151.8561562775 2.690788 -2.166885
70 1122.5816138324 1271.7316138324 2.7061562775 151.8561562775 -1.604803 -4.415646
75 458.6692471357 607.8192471357 2.7061562775 151.8561562775 0.515371 -1.045002
80 207.4598034727 356.6098034727 2.7061562775 151.8561562775 -0.013604 -1.726218
85 909.1880963821 1058.3380963821 2.7061562775 151.8561562775 0.529904 -1.872952
90 434.9702386170 584.1202386170 2.7061562775 151.8561562775 -1.746635 1.186007
95 6343.8727302921 6493.0227302921 2.7061562775 151.8561562775 2.355810 2.302999
100 27497.6510389491 27646.8010389491 2.7061562775 151.8561562775 -4.793007 -3.975245
102 1.7748486749 150.9248486749 1.7748486749 150.9248486749 -0.814757 -1.422437
105 662.4145796771 811.5645796771 1.7748486749 150.9248486749 -3.174129 0.564287
110 3494.2628923685 3643.4128923685 1.7748486749 150.9248486749 0.924943 -3.360252
115 559.1515430521 708.3015430521 1.7748486749 150.9248486749 -0.218853 1.693257
120 2682.5726596259 2831.7226596259 1.7748486749 150.9248486749 1.828338 1.768063
evaluations raw_y current_y raw_y_best current_y_best x0 x1
1 1323.9392377105 1473.0892377105 1323.9392377105 1473.0892377105 -3.095680 -0.833114
2 129.3651398903 278.5151398903 129.3651398903 278.5151398903 1.148224 4.615282
5 19091.0807742095 19240.2307742095 129.3651398903 278.5151398903 -4.808198 -1.094676
6 117.4337285102 266.5837285102 117.4337285102 266.5837285102 -0.556291 -2.204400
7 38.6729858608 187.8229858608 38.6729858608 187.8229858608 -2.742280 0.914614
10 677.1165979733 826.2665979733 38.6729858608 187.8229858608 -0.825915 1.282776
15 3.8265521541 152.9765521541 3.8265521541 152.9765521541 -1.944346 -0.529457
20 51975.5802943410 52124.7302943410 3.8265521541 152.9765521541 4.031988 1.714192
25 682.0546532279 831.2046532279 3.8265521541 152.9765521541 -0.272636 -3.369920
30 5688.9705321995 5838.1205321995 3.8265521541 152.9765521541 2.270551 2.150882
35 59.8382579404 208.9882579404 3.8265521541 152.9765521541 -0.473125 -0.259567
40 66.7860971062 215.9360971062 3.8265521541 152.9765521541 -0.825915 -2.131814
41 3.5174310069 152.6674310069 3.5174310069 152.6674310069 -0.743581 -1.099236
45 25179.8241135202 25328.9741135202 3.5174310069 152.6674310069 2.670598 -3.355042
50 1450.8303728293 1599.9803728293 3.5174310069 152.6674310069 -2.960895 -1.537004
55 1008.4478583222 1157.5978583222 3.5174310069 152.6674310069 1.239147 0.720261
60 2593.7818472187 2742.9318472187 3.5174310069 152.6674310069 -3.196940 -1.866968
65 1460.8577304945 1610.0077304945 3.5174310069 152.6674310069 0.678657 -2.185952
70 491.3180159343 640.4680159343 3.5174310069 152.6674310069 1.404671 2.468408
73 0.9426648527 150.0926648527 0.9426648527 150.0926648527 -0.652581 -1.285236
75 10.0531784621 159.2031784621 0.9426648527 150.0926648527 -3.095680 2.702832
80 6446.5502082959 6595.7002082959 0.9426648527 150.0926648527 1.585629 -2.424184
85 417.7831705382 566.9331705382 0.9426648527 150.0926648527 0.055374 1.906519
90 585.7133844079 734.8633844079 0.9426648527 150.0926648527 -3.196940 0.816579
95 83.3463807316 232.4963807316 0.9426648527 150.0926648527 -1.046975 -0.463193
100 1861.9173649999 2011.0673649999 0.9426648527 150.0926648527 -3.693160 1.288400
105 574.5347219694 723.6847219694 0.9426648527 150.0926648527 -1.716745 1.458021
110 77.6285925311 226.7785925311 0.9426648527 150.0926648527 -2.960895 1.429095
115 18.6029581069 167.7529581069 0.9426648527 150.0926648527 -0.524692 -0.660613
120 1510.0790341089 1659.2290341089 0.9426648527 150.0926648527 -1.702897 -4.833768
evaluations raw_y current_y raw_y_best current_y_best x0 x1
1 2382.4280230449 2531.5780230449 2382.4280230449 2531.5780230449 -2.601887 -3.852922
3 29.5899057909 178.7399057909 29.5899057909 178.7399057909 -0.598115 -1.703123
5 1760.0344124681 1909.1844124681 29.5899057909 178.7399057909 2.167363 4.824730
10 1024.5442158552 1173.6942158552 29.5899057909 178.7399057909 -2.015535 -3.643398
15 1747.1518945197 1896.3018945197 29.5899057909 178.7399057909 -0.020938 3.878790
20 9300.2096493170 9449.3596493170 29.5899057909 178.7399057909 2.555480 2.025987
25 69022.7317055049 69171.8817055049 29.5899057909 178.7399057909 4.069216 -1.380104
30 27686.1638147688 27835.3138147688 29.5899057909 178.7399057909 -4.706231 -4.673432
35 111106.7892889683 111255.9392889682 29.5899057909 178.7399057909 4.607364 -2.635592
36 27.9378423553 177.0878423553 27.9378423553 177.0878423553 -2.195142 -0.554638
40 1016.0424109482 1165.1924109482 27.9378423553 177.0878423553 0.723297 -1.394340
45 851.8531891250 1001.0031891250 27.9378423553 177.0878423553 0.471697 3.878790
48 8.6906353405 157.8406353405 8.6906353405 157.8406353405 -1.074799 -1.647021
50 7217.1964676023 7366.3464676023 8.6906353405 157.8406353405 1.757038 -1.955593
55 37.9946940783 187.1446940783 8.6906353405 157.8406353405 -0.310158 -0.199842
60 1140.7059856714 1289.8559856714 8.6906353405 157.8406353405 -0.997758 2.008618
65 696.0233411179 845.1733411179 8.6906353405 157.8406353405 -0.229264 -3.326797
70 45.3685900071 194.5185900071 8.6906353405 157.8406353405 -2.068384 0.298515
75 50669.3670751379 50818.5170751379 8.6906353405 157.8406353405 3.366937 -4.322758
80 14535.3825809156 14684.5325809156 8.6906353405 157.8406353405 -3.982758 -4.850084
85 12591.0445341831 12740.1945341831 8.6906353405 157.8406353405 2.156227 -2.276340
90 3.4877285927 152.6377285927 3.4877285927 152.6377285927 -0.997758 -1.528724
95 1587.2410306724 1736.3910306724 3.4877285927 152.6377285927 -2.926059 -1.844347
100 610.3997214073 759.5497214073 3.4877285927 152.6377285927 -2.068384 -2.806669
104 1.5404542333 150.6904542333 1.5404542333 150.6904542333 -0.240344 -0.584084
105 234.5180511334 383.6680511334 1.5404542333 150.6904542333 0.610842 -0.125053
110 6398.5736246531 6547.7236246531 1.5404542333 150.6904542333 1.757038 -1.459173
112 0.1939449145 149.3439449145 0.1939449145 149.3439449145 -0.362731 -0.922809
115 2528.6236936836 2677.7736936836 0.1939449145 149.3439449145 1.139552 -1.580986
120 5789.9154113978 5939.0654113978 0.1939449145 149.3439449145 1.652384 -1.647021
